  0 ( 0 24 ) 0.00 0.00 0.00 0.00 ( 600.00 170.00 )
  1 ( 0 30 ) 0.00 0.00 0.00 0.00 ( 600.00 160.00 )
  2 ( 0 32 ) 0.00 0.00 0.00 0.00 ( 600.00 210.00 )
  3 ( 1 3 ) 0.00 0.00 0.00 0.00 ( 600.00 160.00 )
  4 ( 1 6 ) 0.00 0.00 0.00 0.00 ( 600.00 190.00 )
  5 ( 1 9 ) 0.00 0.00 0.00 0.00 ( 600.00 180.00 )
  6 ( 1 14 ) 0.00 0.00 0.00 0.00 ( 600.00 210.00 )
  7 ( 1 21 ) 0.00 0.00 0.00 0.00 ( 600.00 220.00 )
  8 ( 1 28 ) 0.00 0.00 0.00 0.00 ( 600.00 250.00 )
  9 ( 2 12 ) 0.00 0.00 0.00 0.00 ( 600.00 140.00 )
  10 ( 2 15 ) 0.00 0.00 0.00 0.00 ( 600.00 130.00 )
  11 ( 2 17 ) 0.00 0.00 0.00 0.00 ( 600.00 180.00 )
  12 ( 2 33 ) 0.00 0.00 0.00 0.00 ( 600.00 150.00 )
  13 ( 3 14 ) 0.00 0.00 0.00 0.00 ( 600.00 210.00 )
  14 ( 3 17 ) 0.00 0.00 0.00 0.00 ( 600.00 160.00 )
  15 ( 3 25 ) 0.00 0.00 0.00 0.00 ( 600.00 230.00 )
  16 ( 3 27 ) 0.00 0.00 0.00 0.00 ( 600.00 210.00 )
  17 ( 4 6 ) 0.00 0.00 0.00 0.00 ( 600.00 270.00 )
  18 ( 4 18 ) 0.00 0.00 0.00 0.00 ( 600.00 160.00 )
  19 ( 4 24 ) 0.00 0.00 0.00 0.00 ( 600.00 150.00 )
  20 ( 4 28 ) 0.00 0.00 0.00 0.00 ( 600.00 200.00 )
  21 ( 5 25 ) 0.00 0.00 0.00 0.00 ( 600.00 130.00 )
  22 ( 5 27 ) 0.00 0.00 0.00 0.00 ( 600.00 180.00 )
  23 ( 6 9 ) 0.00 0.00 0.00 0.00 ( 600.00 230.00 )
  24 ( 6 21 ) 0.00 0.00 0.00 0.00 ( 600.00 170.00 )
  25 ( 6 24 ) 0.00 0.00 0.00 0.00 ( 600.00 280.00 )
  26 ( 6 28 ) 0.00 0.00 0.00 0.00 ( 600.00 210.00 )
  27 ( 6 32 ) 0.00 0.00 0.00 0.00 ( 600.00 200.00 )
  28 ( 7 9 ) 0.00 0.00 0.00 0.00 ( 600.00 180.00 )
  29 ( 7 14 ) 0.00 0.00 0.00 0.00 ( 600.00 160.00 )
  30 ( 7 23 ) 0.00 0.00 0.00 0.00 ( 600.00 130.00 )
  31 ( 7 31 ) 0.00 0.00 0.00 0.00 ( 600.00 130.00 )
  32 ( 8 11 ) 0.00 0.00 0.00 0.00 ( 600.00 200.00 )
  33 ( 8 13 ) 0.00 0.00 0.00 0.00 ( 600.00 140.00 )
  34 ( 8 19 ) 0.00 0.00 0.00 0.00 ( 600.00 180.00 )
  35 ( 8 22 ) 0.00 0.00 0.00 0.00 ( 600.00 200.00 )
  36 ( 8 28 ) 0.00 0.00 0.00 0.00 ( 600.00 240.00 )
  37 ( 9 11 ) 0.00 0.00 0.00 0.00 ( 600.00 150.00 )
  38 ( 9 14 ) 0.00 0.00 0.00 0.00 ( 600.00 170.00 )
  39 ( 9 23 ) 0.00 0.00 0.00 0.00 ( 600.00 190.00 )
  40 ( 9 28 ) 0.00 0.00 0.00 0.00 ( 600.00 220.00 )
  41 ( 10 15 ) 0.00 0.00 0.00 0.00 ( 600.00 210.00 )
  42 ( 10 33 ) 0.00 0.00 0.00 0.00 ( 600.00 140.00 )
  43 ( 11 22 ) 0.00 0.00 0.00 0.00 ( 600.00 240.00 )
  44 ( 11 23 ) 0.00 0.00 0.00 0.00 ( 600.00 160.00 )
  45 ( 11 28 ) 0.00 0.00 0.00 0.00 ( 600.00 200.00 )
  46 ( 12 16 ) 0.00 0.00 0.00 0.00 ( 600.00 150.00 )
  47 ( 12 33 ) 0.00 0.00 0.00 0.00 ( 600.00 140.00 )
  48 ( 13 22 ) 0.00 0.00 0.00 0.00 ( 600.00 190.00 )
  49 ( 14 25 ) 0.00 0.00 0.00 0.00 ( 600.00 230.00 )
  50 ( 15 17 ) 0.00 0.00 0.00 0.00 ( 600.00 170.00 )
  51 ( 15 27 ) 0.00 0.00 0.00 0.00 ( 600.00 160.00 )
  52 ( 16 21 ) 0.00 0.00 0.00 0.00 ( 600.00 320.00 )
  53 ( 16 26 ) 0.00 0.00 0.00 0.00 ( 600.00 260.00 )
  54 ( 16 33 ) 0.00 0.00 0.00 0.00 ( 600.00 170.00 )
  55 ( 16 34 ) 0.00 0.00 0.00 0.00 ( 600.00 320.00 )
  56 ( 17 21 ) 0.00 0.00 0.00 0.00 ( 600.00 260.00 )
  57 ( 17 25 ) 0.00 0.00 0.00 0.00 ( 600.00 250.00 )
  58 ( 17 26 ) 0.00 0.00 0.00 0.00 ( 600.00 340.00 )
  59 ( 17 27 ) 0.00 0.00 0.00 0.00 ( 600.00 180.00 )
  60 ( 18 22 ) 0.00 0.00 0.00 0.00 ( 600.00 120.00 )
  61 ( 18 28 ) 0.00 0.00 0.00 0.00 ( 600.00 180.00 )
  62 ( 19 23 ) 0.00 0.00 0.00 0.00 ( 600.00 130.00 )
  63 ( 20 26 ) 0.00 0.00 0.00 0.00 ( 600.00 250.00 )
  64 ( 20 29 ) 0.00 0.00 0.00 0.00 ( 600.00 170.00 )
  65 ( 20 30 ) 0.00 0.00 0.00 0.00 ( 600.00 200.00 )
  66 ( 21 32 ) 0.00 0.00 0.00 0.00 ( 600.00 190.00 )
  67 ( 21 34 ) 0.00 0.00 0.00 0.00 ( 600.00 170.00 )
  68 ( 22 28 ) 0.00 0.00 0.00 0.00 ( 600.00 180.00 )
  69 ( 23 31 ) 0.00 0.00 0.00 0.00 ( 600.00 150.00 )
  70 ( 24 32 ) 0.00 0.00 0.00 0.00 ( 600.00 240.00 )
  71 ( 25 31 ) 0.00 0.00 0.00 0.00 ( 600.00 290.00 )
  72 ( 26 29 ) 0.00 0.00 0.00 0.00 ( 600.00 220.00 )
  73 ( 26 34 ) 0.00 0.00 0.00 0.00 ( 600.00 210.00 )
  74 ( 28 32 ) 0.00 0.00 0.00 0.00 ( 600.00 260.00 )
  75 ( 29 30 ) 0.00 0.00 0.00 0.00 ( 600.00 200.00 )
  76 ( 29 32 ) 0.00 0.00 0.00 0.00 ( 600.00 180.00 )
  77 ( 29 34 ) 0.00 0.00 0.00 0.00 ( 600.00 140.00 )
  78 ( 30 32 ) 0.00 0.00 0.00 0.00 ( 600.00 180.00 )
  79 ( 32 34 ) 0.00 0.00 0.00 0.00 ( 600.00 180.00 )
